[2025-03-06 17:33:24.736206] Training started
[2025-03-06 17:34:06.860625] Epoch 0 loss: 143.42999402619898
[2025-03-06 17:34:45.565830] Epoch 1 loss: 40.751678853237536
[2025-03-06 17:35:24.257057] Epoch 2 loss: 29.06088123182417
[2025-03-06 17:36:03.106917] Epoch 3 loss: 20.159862094471464
[2025-03-06 17:36:41.920965] Epoch 4 loss: 17.270924070649926
[2025-03-06 17:37:20.472316] Epoch 5 loss: 14.669299212864644
[2025-03-06 17:37:59.627654] Epoch 6 loss: 11.34471340658547
[2025-03-06 17:38:38.544033] Epoch 7 loss: 9.476128828333913
[2025-03-06 17:39:17.210625] Epoch 8 loss: 9.948885422921194
[2025-03-06 17:39:56.108063] Epoch 9 loss: 8.969913619387285
[2025-03-06 17:40:05.697604] Testing started
[2025-03-06 17:40:10.913452] Test accuracy: 99.26
[2025-03-06 17:40:10.913465] Confusion matrix:
|    |   0 |    1 |    2 |    3 |   4 |   5 |   6 |    7 |   8 |   9 |   69 |
|---:|----:|-----:|-----:|-----:|----:|----:|----:|-----:|----:|----:|-----:|
|  0 | 977 |    0 |    0 |    0 |   0 |   0 |   1 |    1 |   1 |   0 |    0 |
|  1 |   0 | 1134 |    1 |    0 |   0 |   0 |   0 |    0 |   0 |   0 |    0 |
|  2 |   3 |    1 | 1024 |    0 |   0 |   0 |   0 |    1 |   3 |   0 |    0 |
|  3 |   0 |    0 |    1 | 1005 |   0 |   2 |   0 |    0 |   2 |   0 |    0 |
|  4 |   0 |    0 |    1 |    0 | 975 |   0 |   1 |    0 |   0 |   5 |    0 |
|  5 |   3 |    0 |    0 |    7 |   0 | 881 |   1 |    0 |   0 |   0 |    0 |
|  6 |   3 |    2 |    0 |    0 |   3 |   1 | 947 |    0 |   2 |   0 |    0 |
|  7 |   0 |    1 |    4 |    0 |   0 |   0 |   0 | 1020 |   1 |   2 |    0 |
|  8 |   2 |    0 |    0 |    1 |   0 |   0 |   0 |    1 | 970 |   0 |    0 |
|  9 |   0 |    0 |    0 |    1 |   3 |   5 |   0 |    6 |   1 | 993 |    0 |
| 69 |   0 |    0 |    0 |    0 |   0 |   0 |   0 |    0 |   0 |   0 |    0 |